3 22 55       
2 38 75 86 117 129 140   
3 37        
3         
3 43 57 90 105     
3         
2         
1 27 62       
3         
3 78        
3 29 57 90 112     
6 11        
3 32        
4         
16         
6 23 60 93      
3 19 58 90 108     
2         
3         
9 21 59 102 106     
18         
2 46        
6         
2 18        
3 33 49 83      
3 42        
2 28        
3 27 58 87 114 127 138 143  
3 21        
3 37 56 83 118     
6 20 55 96 119     
3 19 70       
3 38        
3 21 53       
3 12 51 81      
3         
3 35 69       
2 22        
8 27 58 101 111 123 134 144 146 147
6 26        
3         
2 25        
6 13 79 91 109 120    
6 47 62 85 110 257    
3 22        
3 21 57 90      
6 15 74 100 113 126 136   
3 31 71 99 107 121    
2 28 58       
3         
6 22        
6 22 78       
2 26 55 90 108 124 133   
3 39 61 101      
3         
3 44 67       
3         
3 27 72       
3 21        
2         
6 32        
2 28        
3         
3         
3         
2 45 76       
2 13 57 89      
6 25 77       
7 26        
6 31 65 88      
3         
2 14 52 84      
6 20 64 97 115 128 139   
3 34        
2         
2         
3 22 67 82 104 131 135   
7 15 58 92 116 122 137 142  
3 41        
6 40 73       
6 25 66       
10         
3 27 138       
3         
5 16        
2 21        
3 24 58 95      
2         
2 22 134       
2 14 50 201      
6         
9 15 58       
6 21 64       
3 21        
2 20        
3 17 63 94 106 130 141 145  
6 20        
4         
3 36 68       
3         
